00
00
00
20
00
10
00
00
00
10
00
00
00
10
00
00
00
10
00
00
00
10
00
00
00
10
00
00
00
10
00
00
00
10
00
00
00
10
00
00
00
10
00
00
00
10
00
00
00
10
00
00
00
10
00
00
00
10
00
00
00
10
00
00
00
10
00
00
00
10
00
00
00
10
00
00
00
10
00
00
00
10
00
00
00
10
00
00
00
10
00
00
00
10
00
00
00
10
00
00
00
10
00
00
00
10
00
00
00
10
00
00
00
10
00
00
00
10
00
00
00
10
00
00
00
10
00
00
00
00
00
84
00
40
02
00
01
00
20
00
11
00
00
01
00
10
00
81
00
00
11
00
00
00
11
00
00
01
20
00
01
00
20
01
00
10
00
01
80
00
11
00
00
00
11
00
00
01
20
00
01
00
20
01
00
10
00
01
80
00
11
00
00
00
11
00
00
01
20
00
01
00
20
01
00
10
00
01
80
00
11
00
00
00
11
00
00
01
20
00
01
00
20
01
00
10
00
01
80
00
11
00
00
00
11
00
00
01
20
00
01
00
20
01
00
10
00
01
80
00
11
00
00
00
21
00
00
00
00
10
00
00
10
00
02
00
00
20
02
00
00
21
00
00
08
00
80
00
08
01
80
00
10
01
00
00
20
02
00
20
00
02
00
20
01
00
00
80
10
00
01
00
10
00
01
00
10
00
02
80
00
20
02
00
01
00
20
00
10
00
01
00
10
00
01
00
10
00
02
80
00
20
02
00
01
00
20
00
10
00
01
00
10
00
01
00
10
00
02
80
00
20
02
00
01
00
20
00
10
00
01
00
10
00
01
00
10
00
02
80
00
20
02
00
01
00
20
00
00
08
00
81
00
00
00
00
00
02
20
00
10
01
00
00
10
02
00
00
20
02
00
00
21
00
00
00
10
00
08
00
00
00
22
00
00
20
02
00
00
20
02
00
00
40
04
00
00
80
08
00
01
00
10
00
01
00
10
00
00
80
08
80
e2
30
1c
06
03
01
81
03
06
1c
31
e0
80
08
00
00
40
00
04
00
42
00
00
10
00
02
00
00
21
00
10
00
01
00
10
00
00
00
88
00
02
00
00
10
00
82
00
00
21
00
10
00
01
00
10
00
00
40
00
04
00
41
00
20
00
04
00
00
20
00
00
00
00
02
20
00
00
02
40
01
20
00
00
02
20
00
00
02
20
00
08
00
01
80
00
10
01
00
40
00
04
00
40
02
00
20
00
02
00
20
00
04
00
80
00
08
00
81
00
20
01
10
00
00
04
00
fe
83
00
00
20
00
04
00
00
20
00
04
00
80
83
fe
00
00
00
04
40
00
00
04
40
00
00
11
00
08
00
00
02
40
00
10
01
00
00
88
00
00
00
10
01
00
00
10
00
08
00
04
00
02
80
00
01
20
00
10
00
04
00
00
00
20
04
00
02
80
00
00
00
00
00
02
20
00
01
00
80
10
00
00
04
80
02
40
00
20
02
00
00
08
80
00
40
04
00
00
40
04
00
40
00
04
00
00
20
02
00
00
20
02
00
00
20
00
08
00
00
00
88
00
00
42
00
20
00
03
06
8c
08
18
10
11
10
10
18
0c
0c
06
03
80
00
20
00
02
00
20
00
04
00
40
00
22
00
00
01
00
10
00
08
00
00
02
40
00
00
10
00
01
00
10
00
01
40
00
08
00
01
00
20
00
00
08
00
04
80
00
41
00
10
00
02
00
40
00
10
00
00
00
00
02
20
00
01
00
20
00
00
08
00
80
00
10
00
08
00
00
02
40
00
20
00
00
08
00
04
80
00
40
00
04
00
41
00
00
10
00
02
00
20
00
02
00
20
00
11
00
00
00
00
10
00
08
00
04
00
00
00
10
00
02
00
40
02
00
01
00
20
00
10
00
08
00
02
00
40
00
04
00
20
00
00
04
00
41
00
00
08
80
01
40
00
10
00
04
00
01
00
20
00
02
80
00
10
00
01
00
10
00
02
80
01
40
00
20
00
10
00
00
04
00
40
00
08
00
00
00
00
02
20
00
02
00
20
00
08
01
00
00
20
00
00
04
00
41
00
20
00
00
08
00
80
01
20
00
00
10
00
08
00
04
00
00
82
00
41
00
00
10
00
02
00
20
00
02
00
01
20
00
00
02
00
21
00
00
10
01
00
00
40
04
00
02
00
41
00
00
00
88
00
02
00
40
00
04
00
02
40
00
20
01
10
00
00
08
00
00
00
10
00
08
00
04
00
81
00
00
08
80
00
00
08
80
01
40
00
04
00
40
00
10
00
00
08
00
80
02
00
20
00
04
00
00